1
100
100
100
83.1492132171407
65.9930224246278
53.5283398670768
96.9397034164538
99.3802533444035
81.2506455952499
99.2643916762548
35.1417993328303
9.15714994846049
73.6531283111526
38.8239921140739
67.3112872908722
88.7530661792422
92.9302502917196
92.6033685745475
76.5852824958756
88.8331494791979
89.9062295231456
40.0813195495982
95.270999379288
84.6974338648092
92.32090745705
84.493029892809
5.02427959589574
4.71638945873332
88.4244442066986
53.1178364173676
71.9431625938381
85.5809783838879
58.8801921030748
46.7453586383466
57.0893296686031
33.8981241059901
56.5764937481366
87.7208017173602
0.450054118855747
37.8265194838099
14.9279416333553
43.9052933493391
99.4300881042727
83.0341553384921
26.2161371681198
92.8309864072936
41.9448051230353
44.3749696288371
94.0739492388504
10.4871509658452
31.97709971985
30.4219611407403
59.3295255976679
11.020537149341
59.8771568575139
69.8648831811175
3.65094988499216
92.9656081372545
96.0204802560722
72.0064114595878
29.5926712936698
50.6713141262267
88.4882562564311
67.970319708142
75.2156680778649
91.5932430163283
1.52038494350739
93.2843949727874
41.3909394835331
49.5527483151616
1.60398950714676
40.2659497380917
21.6849418737792
77.7464315981405
33.7954220915022
43.3681118357
17.843513778164
55.8803676479848
28.6269559167383
97.8431800563578
88.8607506754388
59.8478561567517
15.0306087638464
43.9687358448086
0.833792443347148
71.2271675561287
76.9558454506536
19.3750374398768
50.1474987868685
19.2063207171654
97.5266458272803
71.5898085966792
68.680575054535
52.2930044338004
88.4366187938767
82.9575645814486
82.160005911806
12.0005597103251
58.1825351747784
96.271901185791
26.9359097250997
46.7041674265583
53.2932694516358
53.6884138627289
62.6550534253695
65.5007141812512
70.8814837600085
75.5583168038349
75.234241098507
84.8722727708995
86.0015415385057
49.3948123163013
36.5413843144725
65.4935496853933
46.55367316044
31.9519361568549
63.5600269142011
34.3892080812259
29.4454089057097
13.8130569764144
46.5682224930967
66.6217529934569
24.0346262949375
24.7437043019964
61.2767470854353
54.5314287784573
66.3493311283979
41.6486629364649
79.0185449992618
62.8365343066441
65.0447620339456
66.8278171309716
79.6273661922386
8.03073390719396
99.7480690975266
70.3296323878028
92.2750777277379
82.3707282396697
79.9226383083738
43.64127458239
87.4324298097055
50.4360071816337
79.4772294770519
81.1707258257177
55.5290754316875
70.6289648323123
48.2476078188321
23.5334287973484
6.77268638522786
84.8627605353552
94.2484486153607
15.0051094318629
72.4887425041639
52.6549013656558
62.8867768117224
40.9612875244616
41.4113383689109
17.7178223816475
73.9804327531995
87.3255514628597
93.8986692576049
71.6289837586515
53.0720291130082
19.7556344603086
6.26961558021195
3.88949225958796
2.35073763384944
30.0912467746709
42.1295801005923
61.8272936694915
8.150042913975
56.6239537431515
27.836332307914
86.9482901550172
34.4378582854552
71.011514444727
51.7375887431303
30.5796619170866
72.3542893279094
22.9724742584482
17.0950077548321
44.0608826868924
76.8229964996374
2.64331946056564
2.10571226202778
51.2933169921874
96.9658674008165
45.3680598615786
99.8632517341072
38.8948256967797
91.7526368391883
96.6135635786173
63.8272099069784
41.9676869384675
45.4247274876607
26.4027248296288
97.7011128192832
54.6574594440909
12.9245293447609
59.8048965255197
42.6393005862797
97.2682687443627
21.9268206269072
90.4614561555946
97.4380603833594
83.7046900530055
26.8981115359117
91.3771535020757
3.29201064707539
10.0992514088346
51.6336510969641
5.57117036712216
64.3512217825151
18.5304767095656
90.4844911621312
71.9394337475278
50.6828596204421
53.5508115077996
86.895229657346
54.2127652990995
43.5041334468329
3.92887719698594
5.05114945855656
30.6701999504533
78.5774300488576
33.8222719356539
84.3166350126751
91.791721164817
35.4694226993284
64.6529057389499
59.0538389768232
69.3894470947056
82.9104548102488
7.84064201724853
1.79062010418624
84.9234457113056
35.3119798503294
94.5128401362143
23.9757830393161
64.4431530891106
86.5791891441226
81.7572562869376
50.7909883546122
38.1352733497018
5.34538188664435
48.662167494041
11.7643707950413
28.4930869007309
37.4184290483399
8.05491087594558
21.5929168865507
17.686274694054
95.2276966883068
7.19921544090533
15.5472168367075
87.0453871817613
61.2513821156463
56.1353792340944
33.3130625724065
76.5663748350375
3.82283758606404
22.7735518150932
98.2603749259493
39.7904104570463
68.2241113514509
2.92629872174781
87.2602264527879
80.4627916913577
73.606373907437
62.5950742733346
57.9586189325048
1.95567867102111
18.2584889043664
33.9848665562462
3.47383724137424
93.4474971437363
56.4411167461648
59.4607319128867
16.0239471430222
4.73901431586996
27.2246277287663
43.4013540292856
27.5376068228784
95.2772432507446
78.6021844498124
69.5391216716522
65.3123066446786
17.5855234563184
19.9608858499455
96.7145676190716
59.2698935883171
46.5345437948427
52.5134086208627
12.9309804192775
74.9027943168731
53.7420084570187
57.2309095678495
16.313359053657
75.1093293758126
60.3854721866756
43.9171230315273
54.8786076969894
34.5433597977356
