1000
1000
500
20000
21.1457684448124
581.266051283989
738.521303374414
99.8457810682218
762.107504800794
294.5765100913
8.19545650867008
867.76996645027
435.008639298904
33.8793343388756
947.598443886049
514.844124994718
23.3260148680206
517.234052724193
230.007259824373
87.7167110139262
145.012152976796
275.203816405583
69.0152931615753
91.1975650590779
912.874098197716
81.5413385890728
576.732310264349
106.244176179066
69.0537725350179
124.712087955131
769.55307006527
37.0013449546514
133.310826086887
173.55665839719
56.8268456493561
723.401592708149
614.097546394621
50.6633521713188
902.752724157738
837.944867498797
7.83041775087001
442.574141777759
879.319521900385
42.9710352936073
328.417316976139
21.4836949626965
20.899029056607
164.983794076643
846.080173535847
96.961199657385
879.363544763119
23.7469649865534
49.4047234841221
728.609306549915
829.119567744272
62.4962448925973
737.958812950651
767.779372211001
44.4563082485998
126.020209566951
492.072995141596
96.082883537974
744.908143722646
976.577152527327
1.71701092668732
162.474927603736
155.135857103215
73.544902732511
267.965348713803
485.582603954042
40.0688924403447
251.145935871264
6.53887896931615
77.8051941440013
481.010041359864
309.352428972744
85.9281937371621
430.878148490162
152.701000869911
73.1349263327245
530.560283987642
300.564379855516
93.8391175712659
580.863900542016
841.604516089251
28.451812704953
701.542509580206
188.957154283926
39.5215192617166
647.464766068587
536.806409857853
29.8878236223841
490.741830411384
541.279468712766
39.8323764160013
832.192055981403
440.976756398647
12.5239548977854
353.076892850638
764.772469481989
21.1851897262568
711.320585590707
494.033175587688
9.39697229636413
588.501581360107
206.36290029097
94.8578290482979
794.836431134454
860.026747031134
72.3716030494838
996.51952318478
47.9235217692553
58.1487748384417
77.5870720956922
18.7515129725059
39.844962082811
638.755219591094
415.574036696065
51.1196301600508
61.334761924659
232.144283210881
53.9742094417685
401.569009105203
500.543436353972
41.9795612192628
932.011054684795
125.626828566359
48.0579759574039
209.484975307322
927.047418973684
51.0530386659198
707.929100004
108.726845732837
22.5021004652577
189.333372463146
631.895432264305
61.7429086408006
756.67488092183
857.924758322029
56.1244742181178
838.043400877574
572.966224682552
12.9428306186854
193.638548097331
458.192980946217
94.5422047351382
77.4076527892177
369.151815227248
77.3740137659362
301.960396147899
571.259509412934
29.7383030724217
713.818179606936
450.850207205725
89.2224629170256
808.864152179367
505.187250971772
46.5738371146496
558.353664804744
533.720009050667
0.992047377355098
667.900097803688
502.905107629351
30.0952853223264
868.711667150576
980.74313662873
53.9099263470809
68.3715207848212
157.644645390331
78.5878352002015
503.147253356913
718.009128476241
82.3897219966755
791.412898799638
401.565016471585
38.9988532220794
335.491059893288
117.233562252568
56.6337238331248
72.4769489091281
534.88381446561
96.7396368533468
17.0075960649197
890.603073070872
49.1562462627897
419.502987211229
645.868361345222
83.1602386582077
73.6314280145149
179.484456653807
12.994985242732
32.3560867570846
960.647570357591
93.8691770575799
258.190550241583
705.762159584763
0.945922679014299
78.9831915196264
980.087069708169
54.2806771772214
851.881766436462
917.402872755842
43.3629216134655
787.129904777725
250.275031233721
63.9342795027453
958.182502986971
433.425235707826
91.5639100918013
319.157620652043
326.275284341446
84.1376328667309
372.687540137053
944.055139588475
13.0487379317738
477.350355637847
380.131760702571
7.80865316908238
794.936608103804
198.522384502859
33.8234104273298
224.387813320227
240.640071449752
26.798555334433
244.172123472858
685.324614941053
37.0599080043388
791.222435460603
594.533253137415
40.8888241703506
863.510277434808
887.733420746622
41.4827888193208
253.582227474172
476.967444529304
18.4540574820947
103.167763052834
179.689208836209
20.5036244963002
771.164686293953
147.758150138302
28.7941645691535
767.980145046631
309.813857754255
7.15049810486599
482.694147389498
58.8605345366025
75.3050908264605
347.296988561711
556.798609597275
41.92846235673
770.410171623293
547.465567665264
67.558443557659
146.994634195927
135.279681126387
21.9139902735425
572.031102254817
583.858962129096
30.0616224692937
423.619826655154
157.465612206646
100.376234198361
185.090325228022
299.159048750836
58.1510783485315
337.489846000311
374.186169803616
88.9507206409464
601.757077630981
344.682030565946
50.1363225315996
308.823953492713
671.780180166593
44.8474911374358
214.83690943158
776.411036837941
46.9541758216631
46.2770034567168
187.318505695806
49.6793306217918
277.351713662236
504.498192126144
46.4599120020523
430.547439994765
223.752303354131
31.0027982814961
50.7908697425266
833.519705128845
45.4050551598188
997.299038648748
970.406623684396
11.8135248157615
623.933601173828
145.32392543585
49.60850712499
4.55898051154069
524.839701891332
82.0545330612036
1.7092025264398
888.294168717165
59.543378574324
709.076263328976
581.353767611286
91.0973507865969
633.110523992401
142.989312393417
73.0804539289559
636.119923669894
683.556692505262
44.1036090829254
348.953301801095
87.8812859781316
43.8968454584603
581.503116543038
987.868492643194
60.8641469070513
119.183053781025
343.751201612049
84.7518580874433
453.60678740214
906.087568395549
79.4514076725113
28.835444243768
811.503541985736
82.1770130297659
84.8213053828366
241.407441276254
67.1591217343394
884.267145799318
543.176838581384
24.6988037080919
903.293752298839
851.00463333345
88.1921008705392
931.667339184159
267.208279253357
82.6634496715776
840.932401880731
260.309036474538
17.5271213759766
849.003815402943
407.331112295118
49.0633921704378
377.568087120161
654.977683299954
1.12207135543294
584.053618141503
162.545591083041
27.079676914646
239.688073444764
349.095188617244
8.31937326863357
377.566518877456
118.197902316797
54.9595478412708
773.079745283039
240.830598899307
62.8601013734503
7.05343979950124
693.287832807145
34.0322401168461
618.3756407752
924.074586884341
51.7438645901614
197.717220656703
602.344629680926
96.73549114127
851.24708697365
365.795746121438
84.6898310153129
319.409225147644
215.554140419853
95.7194904303801
92.9114440603763
339.943261830705
8.17586898578381
638.292394077719
145.864467681286
26.3693696692621
511.596204500364
195.353462485724
19.902023335824
741.870272695558
146.018777613005
3.2310730065967
306.374347420694
397.551575300746
69.0662617045132
409.673108696209
762.315474201274
5.54470271805032
440.046741336656
715.188921766237
5.94480473914736
612.305287106964
109.915798051231
93.4378915410921
335.882091265761
572.179104420711
40.4324485865922
796.949235173738
90.0915819975266
21.1564823288074
368.613723283762
984.868188255439
91.302912011318
131.878316912226
36.811904202663
59.3173391693033
902.753678916326
65.6599157828707
85.2681836458217
125.097406232803
491.682254216556
28.7517040464645
727.668159347812
430.96955645053
46.3423433136899
312.065133582314
69.0032283326024
29.4800088596312
865.828288675631
530.164714249895
94.6159217845104
191.363772051558
587.878529180428
1.10384609622127
484.758918924952
824.76504879911
4.57269624088021
470.33680071533
712.59717051009
59.7522584678132
995.214718585218
760.88726077796
53.4735354390146
814.614441955113
912.846182532072
60.549378116017
102.095075405954
502.009146285418
9.59107686121953
226.068212913568
322.846830768424
44.8078352830659
917.908284387284
115.672075277885
45.9141201314232
815.32117475251
694.969400698474
51.9046699282006
431.075297535409
453.792277936924
66.0688010257279
17.1130614113728
370.208333561597
29.1345343356099
262.949380607581
217.561201432729
82.5092716989657
597.79228975626
921.70054608923
82.7855324215187
738.424368969253
207.749415568611
97.4747161610998
48.3922660620085
75.9772289873115
80.0543035772703
77.9076819587535
434.818543749317
56.3142278264585
129.820916358113
664.06334731071
45.3076385350833
656.898305625172
551.663181769446
35.2220663874793
683.729832941237
375.710474759417
69.2956752832982
911.769451227826
764.935064446725
93.4940389305318
406.573329425959
410.814082405088
66.8804755200728
801.528551729032
812.990785347455
16.6209929718362
548.286971282828
738.742422505816
26.6724556890467
694.476035671693
309.801860589422
2.55424666266519
56.8934370986364
706.742057498749
41.0493896025314
869.440008542823
93.1676037833117
36.5802329207014
354.87472831845
863.918820482829
44.7364237652665
303.132327331362
512.361784987551
0.698476179711538
375.285881666991
455.543952635971
29.7599233442319
324.920675148432
54.7765799747426
17.0054942058433
478.145607190079
655.342078760657
51.3943185500953
394.660306610625
333.143116675847
74.5761296614701
125.231636109447
221.114337340127
17.2265845623819
506.051567808892
260.575102819227
67.1123491493774
474.983328078994
366.408879438062
94.6077401512924
446.185208722048
462.236547290967
41.1747775360113
552.018425058161
980.9155909596
49.3348102702851
703.616681008887
71.1939802312402
4.57280315372268
452.485750715811
906.204857565727
85.2849628065939
405.212322626595
374.658555052796
33.8584320730758
269.213109590159
943.354845434909
35.4111570530497
938.542448224467
811.146950269377
84.0719208107456
163.438459186054
726.621453975411
37.9637794147839
295.897749771088
140.936394874035
50.1222121681544
169.619231551877
476.687708394113
77.2820701810791
378.201014863727
931.001400364541
34.6738949133374
956.603696963465
127.957580028925
19.020174566752
639.01254436236
538.311510929277
23.3837136835514
884.150437987452
112.868250178355
28.7356460205062
873.316324430159
683.544052586544
51.318590607613
994.762151539058
741.916949591747
56.8743055288011
333.077110380318
924.274441160524
81.4090373971434
168.513547792152
520.952687307204
47.4962074339945
335.194249650704
342.206604832464
40.3832757887961
625.627009232055
162.25418451208
78.158833399148
266.70709598085
748.650971939009
29.1022972742082
57.0649288272564
326.802159337187
79.7381848772511
837.700550843023
309.896627127861
27.632412563558
212.503686035411
874.730819024115
94.8730138777957
6.33892316585782
904.407022830678
