1000
1000
200
20000
0.103668879280996
172.471108159723
988.050816820652
0.526708839948288
959.634736544506
288.629612464573
4.50817538438974
44.0246690898026
79.4842433578442
9.87450663086774
590.001121788059
495.101171617938
6.87374457412082
920.800455284766
991.035307770922
3.84692718969131
950.056232648649
545.153575701178
5.9691673369414
227.273958687178
308.465970899365
2.18080922036096
951.67827390478
554.607041708399
0.578784346271473
869.958183101999
678.116583056291
1.66115568466271
615.568267729219
495.942186823353
1.81074294852001
657.975054540626
993.044969411112
8.08328075763867
170.842049611603
426.842105015144
9.53379988034836
599.963738781741
325.047913186243
1.91223446294862
93.7922512114925
516.700712547361
0.661671696584125
482.436087740197
803.71101154689
8.76905282578836
947.681285068539
44.5989494983086
9.66538649227189
192.416184754998
558.809813841078
0.971585186604934
583.52679349872
924.532023233429
2.19174957578417
790.386885632917
25.2027098144891
8.52504217053216
835.113173712308
607.064137788724
5.83669604977861
93.6027672724327
968.338844140632
8.80969909580581
814.263186695851
358.522533920629
8.56275761649246
278.166028188846
296.499379830061
2.85357035609759
924.571838796309
350.144914121051
4.10052390104855
874.50432483871
641.477133791645
4.89587475511396
367.467985980766
142.080553687233
7.0946293178628
15.2257050223759
654.821696776841
8.23482002326781
796.681143729106
229.750300346821
0.047808566390436
413.30341633875
300.965746082439
9.81985593203715
705.180263044497
349.172768178807
9.00405017446841
530.25152686639
124.621180727561
0.983719386846048
732.442205355041
186.55702263333
0.0749160974185481
860.879823305401
925.883448717362
5.70933423330652
808.17385521258
204.487964639544
4.91793987325969
755.292362340472
919.441133705466
5.6409939924863
782.030394488984
638.659580893199
3.48244462733737
133.287811336979
684.686885477516
6.59915899805075
218.641557230076
195.661716444428
0.0449968532411893
874.987520076654
337.273282431521
5.97747588627117
554.008753666478
468.066382627475
0.579220957191526
815.143370821007
970.989492831938
5.66128503611789
955.464426933145
224.777356305646
4.98017125714214
837.584887262033
104.498331231837
6.16275533371561
664.456505615568
699.878903738056
3.70794696608629
610.617381787736
550.626329327896
2.1793161374014
488.371220533828
683.579731261078
8.86751163064696
235.104328255098
672.263688413745
7.40076873200115
513.544625725731
750.290271229702
3.2185215288441
666.215877057806
925.270188590321
8.19696657054445
888.755342293297
809.428400967097
3.26462030350462
923.26216808771
288.107841318916
1.2059530706138
81.1975297050459
793.215376424317
7.7248860047062
475.369928229233
705.876765641425
4.99184732439398
949.37262811425
185.184365363136
2.68655816692124
821.822933656897
574.328510367558
1.09002492446435
753.995805620031
878.83680128143
9.01013076039218
270.218670623385
901.339691011126
2.16489592450695
713.952062842174
327.676720046968
7.43140786487834
250.532890068928
691.421215488961
7.42400465887447
976.778501974035
804.135266179644
9.88044922017366
833.168987068994
811.277460652401
5.57453562250883
347.66266604503
183.331513790936
3.38910455172096
585.256290202899
244.35011557355
9.18728154040463
45.1929021446693
226.642501334145
8.62937485919119
856.329930679151
381.972817689644
9.0709177349354
883.482502184715
999.997420252411
7.85387819630609
148.102595466684
30.1263115139337
3.25705933142186
896.580666543772
87.723442782291
6.67726138823627
628.486481584257
38.0615072702749
6.28795974612375
844.524325979763
89.954694900549
6.13556472322318
209.268442051681
191.453545808978
1.95112046633696
446.460988655819
280.14849866384
5.53384478938621
132.873137385916
179.753476624596
6.24666293741016
549.72630784673
390.867685177394
7.88954877889921
38.5879990167405
293.066291059344
5.54924682745874
520.744542351036
993.324792863397
4.99812274576623
216.186258087995
823.622366306167
7.56987641385316
350.718483782177
243.111002922415
1.73327172284619
854.158269557527
810.78282002538
6.16703597064702
598.434841390474
52.2166438075804
9.96101838169835
764.410468625346
712.367207785763
6.77601981851956
79.3207106279065
505.903961430425
1.54391508982207
331.268279552206
255.261331285083
1.07486344531098
865.329125329151
906.224436350424
1.31219419125671
267.589011933828
212.680533000715
1.45056813417061
422.521918359567
141.452854056145
2.6985314848281
216.215397154941
897.152950900251
1.7159494024626
501.902287622483
905.610288724632
5.05407797154164
766.244306989841
289.189975513287
1.91858499472738
684.822565820407
306.035333498965
4.87406610005278
292.198402407193
221.377252805379
8.0834333614217
52.6673711252887
503.81292676612
7.39938186145167
323.35322826054
617.682409502883
0.121174384457386
0.847865558455396
891.04635616219
6.54764917860103
201.774300994098
820.343346182345
7.070004770995
70.3487066913872
227.368564518207
9.6475856156484
764.721619439098
981.734039715206
9.38340902342105
736.326318878277
739.913285842886
0.874902133385875
663.546268864987
978.228148267275
7.8452071803059
499.190675583447
214.635592747961
2.32349432775044
260.282053162565
590.2676978105
4.07803765471218
67.8710743021862
607.507102703016
7.68198648476858
458.146034889835
633.611099482089
9.97146436455328
370.244689205001
910.896879892971
2.09735390558275
466.22718477698
462.291475355933
0.658176129715127
802.38742235308
360.720327367543
4.52429662162947
268.857734462452
944.640358311956
2.48792952901352
218.898359645436
312.717054313368
3.02896799100817
193.354144151354
225.741591501227
2.73307600046551
218.645381718856
677.394891552854
5.44620002999935
646.092692893056
712.676863534927
9.37767852479329
667.55714225816
844.237198916898
4.36119002032875
993.333258983151
461.938429417915
3.03900662616753
154.093112737954
964.281763034015
0.151934336874439
509.053415663659
878.447742101212
3.00744343539495
90.610309272481
232.050481150795
6.76666358725703
691.596713299445
763.822646523754
6.2543272387866
400.997213591025
476.96778735961
3.65193251007181
320.937088909997
133.132050930195
9.35065984433269
58.0662621094085
981.824952796112
9.8045034965228
467.977659043739
172.787959639345
6.87659551133858
194.124306570653
123.317702506879
1.64626334227492
720.954070218538
304.124123152021
0.681742564348854
490.917724347044
16.4717468531972
6.14922873680759
352.860373821178
713.438071598535
1.45473638005837
740.874850396664
752.390455656942
9.45260630641071
231.438144430764
551.602493967695
7.87860776391285
328.532726455984
759.768770796773
2.67756158979642
260.445362941526
906.782951332653
1.74898803010494
549.179675956605
240.436616571309
8.31651150790313
16.2243644205048
926.11549786379
3.81854924355732
56.594079860093
625.731043494197
4.75769016637073
569.033050093229
823.588750625765
6.39473200725787
715.717834867515
286.94550632523
0.0153825551380915
432.136335616269
828.941210555495
2.61863013503037
541.706950450039
315.633273546052
5.37183105015686
282.615966914239
505.067811430206
8.86995964079425
255.125631449692
81.763439124112
6.31418534331526
918.792473309285
288.907161178146
5.59321087082117
289.346419987534
679.666306684716
6.57857923386725
824.31043347791
105.872679261549
8.96213635713455
749.750703842094
191.65237684766
2.83105840399062
970.022612109666
288.986847286984
4.5498366744581
448.233206341097
410.889751592455
3.86133789325392
858.727334084652
412.790830683426
9.19567065113704
506.862529110899
74.0071816870891
5.85534848591725
308.94377400186
568.278227226104
7.15753174220564
686.655820588135
271.562623196868
6.05828907846094
319.131904254617
231.001203788585
6.82200239010653
49.0024406519218
478.315526572816
1.72373376502359
767.87798959183
638.479398694055
9.18093048009579
323.110513706707
837.665405929342
2.81506990545418
721.742471808554
646.528168124511
8.23715646399457
20.1018636300663
712.741216658592
5.07418796562866
117.293001519517
940.815506787385
6.99378178336151
318.773613127675
909.130216474206
7.22141896647992
75.444421580576
684.75175166723
0.533747620801831
199.525184473209
799.704726734387
2.42446296853479
810.09314566629
973.514982377282
6.51804655468973
451.174394881838
373.0238460196
7.90197333378247
865.502394408193
768.651058968211
5.07325408229132
153.715202306867
889.518711284536
6.42390622162195
771.460069055221
105.084984136543
1.54167216388416
256.432687142861
796.480516742249
6.59480970877002
937.249731617033
439.363639255961
8.72450499854205
153.648104744843
609.682455061796
3.28158862562363
414.292369926968
312.661452617051
6.02165509010196
837.743185298456
107.954886671126
1.70310721565035
941.860771032695
710.199028109168
4.28011252372426
685.784772664254
483.619306177586
8.60895828277608
827.142380388269
65.935621746023
2.69664698886648
876.48755469598
887.736430392891
7.75631164364064
913.177150820544
43.3732276722656
3.38456807692694
366.394289253081
138.704043733716
1.59518353872722
569.902826428337
450.654187055061
4.89564464978983
679.26516119249
767.868331955689
9.58427714432417
707.271200471156
538.140269622673
9.50107108225623
770.121044824001
490.119020320638
4.78974247189112
909.430640851873
723.40241623108
1.6658797871938
775.02858883286
470.97544712603
9.48170590068619
725.046007970239
325.231249778669
0.57499439290097
513.226325295125
638.264701430832
7.56455835530808
726.863669723028
876.757368802382
0.620061077182105
906.958520799571
673.029384748209
8.16361833172527
283.85015001471
883.5578871533
9.40775235210117
197.456460629653
149.889692207465
2.75746264240976
208.780565088953
247.422187182387
8.5904482061693
613.385921836373
951.970183540306
3.7708658853043
886.976351566072
586.855929566067
5.87704633970881
340.205772553712
144.17682826784
3.60683224467548
798.829746241787
571.284714898734
8.92985918452192
85.5424791071553
767.318173756125
5.85570901329045
283.949523937959
967.508390284924
1.82708254203596
549.483809029294
480.291732944168
0.147674796895439
93.6081094311074
201.157907228549
3.88233871039748
833.635021269674
748.019954024597
5.01789479039364
707.599163875099
120.987928386074
4.10224523240985
312.224962347765
409.244080994524
3.13752807835246
353.34708997626
715.587557658521
4.14966461323467
813.682863348693
3.14234058399121
