1000
1000
500
20000
0.886713509724993
345.158278964006
502.645858764581
1.09361875096384
138.921338799957
502.161178006381
1.16334307332703
85.0225448423615
71.3563042234919
1.23639548728124
444.437516983583
666.289835565964
1.08722849370356
534.394152030257
44.3182231443079
0.60297093178124
208.217212346262
607.477681232314
1.08742961541707
208.166060335552
857.033510096017
1.16621971660208
941.40828987987
919.694732503673
1.45368807402337
519.836074087661
899.091916352383
1.25105878484192
968.097228950562
460.076725407413
1.18607352139694
700.541380779532
987.722094665566
0.709335200948076
680.844255720365
724.551687825764
1.16835569209968
285.376138716988
353.365509853483
0.935455945500399
354.695052113709
664.29473355419
1.04186107061996
141.088802926897
444.579880349012
0.968047469543406
29.8455098959494
655.573812122137
0.785083004838185
525.061729560484
830.507195505705
0.544041954939579
754.228024661408
338.472170894025
0.766506049024267
343.425801340615
344.992178745849
0.932672636308523
60.8904797994962
147.485053012133
0.600263684840701
784.511494136189
641.631143017071
1.07359865520463
809.160978066644
76.1610209337541
0.67515065807616
469.837505123435
399.948696237634
1.24834610951328
826.798961720203
220.876496077453
1.20395374283269
948.537377172622
742.660035290392
0.78602979341684
996.905444363877
53.67238556888
0.538791001118634
655.237459184379
482.955145882405
1.4208718344978
210.172011425536
231.605434586107
1.38592259632227
928.054510933516
23.4633407601122
0.959456159269471
384.28203104879
654.981681963747
0.611821244494205
13.900002930965
570.547772398287
0.501110775868834
45.4549346292615
291.898217076054
0.775477601180268
509.825857755276
112.522142269774
0.542703560168753
293.563649911649
150.990436561915
1.10696687222441
334.09813969798
433.818523417973
1.24126237275221
244.264372591452
453.130942724439
1.35460147422385
573.336819413088
538.629045012415
1.15290597538002
101.939128478207
163.875362934086
1.4341077782927
192.34781863818
866.58020007885
1.07512774120218
689.619175657079
854.635794800746
0.683318629048146
799.7150517042
812.818005023177
1.39110094964484
549.802050362272
414.929780541148
1.25980024756243
365.499311847425
275.136560001197
0.95947949778559
673.605052563827
21.7053567661464
1.0271745064412
855.553190082098
939.073243884077
0.585630039098373
257.146824763953
213.099954590309
0.884589297735424
736.807221962638
622.339379265397
0.958668134773464
966.001279055185
161.484319503423
0.972783453584511
637.503929025728
446.314194205252
1.29210654986938
641.926838766009
638.243482356669
0.675895808195301
290.116414789678
902.924568690197
1.45515524803753
716.858354396061
66.6582420484287
1.09913474091151
115.631187548786
343.174335126767
1.39838732885062
655.607289603359
108.353845827794
0.96751910296879
211.159736302335
16.1160183063029
1.45034004430013
867.998006084305
886.982538370188
0.69237920505259
877.51420924007
359.211693725822
1.43164976917
811.806596745334
787.768097535867
1.09427471716808
253.14299063847
120.575017080721
0.964459471301157
52.1619352375992
779.610211602857
0.853093663657278
377.044022307395
622.433187154584
1.12683591832233
511.72011016229
875.515975805449
0.742178989931352
237.055651390937
464.555523857454
0.915909579134348
842.525632255319
690.542792068635
1.28440895691452
106.497009704027
487.768418333299
1.31076186750832
680.538528664668
970.02347382184
1.28985788868984
205.263385576833
765.614099995812
0.839035859341703
223.127584394874
788.450294682582
1.48063912204894
690.34467255646
650.39768620287
0.510807939679521
404.642192394909
838.663523274477
0.606476532419677
950.316198348446
439.665579205427
0.672366663635661
95.0652890772317
941.233019535752
0.534260106128042
969.537997349348
838.578063767565
1.48400863453727
555.152382511259
447.387882108016
0.609313828563778
75.699169871608
630.566892418698
0.625712979475611
831.740918325235
112.993490960172
1.15179949818438
14.3550587302776
404.648056844659
1.39365149032985
729.681728759668
7.67330729015858
1.08006348903434
251.265050222221
932.948710574641
0.509621493240307
866.219509312224
655.24581176336
1.17824004015817
337.94978684651
655.960463485707
1.0099081983726
343.633146065428
300.687280752888
0.974426569256424
951.58729249189
488.934788640778
0.573791277399811
126.433900222208
864.68471190197
0.822042701593564
201.405302966741
36.1244056551162
1.00468962485324
486.787723488068
220.589220005788
0.677042860509949
302.236521806761
901.354838773122
1.35555854109813
328.87268340295
644.768306473701
0.876423947872792
58.6414230548485
358.868377954834
0.538704579519995
838.188243207647
959.774218570354
0.791090877487036
674.072081139337
410.683253903899
1.00667742346064
518.381127262682
554.57431892668
0.686144348120262
383.444332825495
336.238479287088
1.10264701290998
81.7662064909283
761.298708394829
1.49239110174349
524.57108863381
598.978126128284
0.543759716977346
739.780162090976
957.649015901399
0.954493340761532
455.494586827803
372.012677261977
0.857664858128948
817.995458782963
418.172992363451
0.802396251906946
813.7694765556
85.028902262465
0.933562180940636
817.248347750627
583.682065357578
1.21524853290262
796.562941509432
603.990819444541
1.17423834507366
270.711517397605
42.4580996547291
1.01206959001341
188.409399098006
673.584135281017
0.69330202035607
263.106540665686
243.826271193417
0.781588742501347
563.661984054218
387.31265896606
0.92069839484597
266.456186927551
222.310171417104
1.01044575719373
783.316294121213
938.306327895134
0.904619373467732
388.896936493813
736.963674159061
1.49963861694363
43.3650753798626
687.605684478305
0.585638841976028
842.829228008855
536.85298521689
1.36677301912947
965.181978029404
875.276077173459
0.700351082237143
803.71074678448
458.932764168423
0.770738244127024
387.543220891531
123.63864997334
1.09875383717287
226.039063748315
526.830697518778
0.696250454256743
77.7228953003079
795.466360502395
1.18827650665293
584.809514365521
161.688440832138
1.09680064792257
440.967329609851
573.459749225637
1.09375181694868
337.070235866945
737.347798942345
0.562775749484991
971.727343157395
926.220482903746
1.11564617162864
731.026236847238
190.52530814235
0.844345398637234
11.3016892757256
692.496123947359
0.589410471097034
668.819925504257
13.7478477588925
1.06521667369715
391.402120435828
163.650455448865
1.15656180472891
234.993182091663
841.62503717676
0.628568060994383
608.839427010326
578.791394460182
1.17876272812584
136.298450230848
483.609537295203
0.941254814480961
767.964097963864
720.155328066241
1.03761675457229
223.280453239674
685.832857436179
0.743322654058702
566.46574776135
156.431731925251
0.81190796843185
316.554008144241
622.106129354521
0.628798738948675
386.020043478552
960.783509236044
0.587036283841618
24.0846029614219
336.258042157904
1.2686708816876
67.5518963869436
678.290563823404
1.07757515408528
458.377001650882
884.513736878398
1.26026422256597
690.358222369162
297.136211037874
1.19884583429796
480.870345860692
598.649541243357
0.937598917402803
28.7431956756057
112.745845587975
0.602337313774131
624.750825847509
137.418844538929
0.600002853294697
860.994786957014
456.38668754728
0.551851022057679
513.27706445663
787.507723430703
0.789359817891632
268.331241805845
388.825907282741
0.902289933965608
710.188951134256
357.378777667515
0.558777476509288
530.724886823801
625.051395906935
1.14086664166231
66.4766023885634
486.520345626158
0.7193592044967
46.4401985371358
891.841881454904
1.28903815611123
409.459485792443
367.008051306923
0.570456081264659
823.966639382457
97.9040142663237
0.986011505520457
342.592125144256
108.850856612831
1.17991905183168
767.273281546895
190.204454331665
1.16197144049778
432.979948842683
63.2022607662418
1.14879904620476
79.1735319842501
753.890437565391
0.747851766455998
221.980860394043
324.378848519752
1.18715341209456
450.067663584723
85.3678261609346
1.38631009860343
403.409010217337
199.865755186393
0.907570697777883
172.566950062109
42.3252183989667
0.664559925258623
271.025210932793
789.285325970641
1.12334883974066
684.247899606688
783.038426794007
1.36506205675926
732.835781962991
856.680182111704
0.613914116223851
749.595476188989
583.57241745719
0.587382620409066
993.164063027777
572.508898724387
1.22062394838001
540.866920267436
336.554068402889
1.27620892000539
306.69935248931
782.616597649558
0.704259930485568
360.192782885157
976.105113737079
0.706294579040532
511.691508320358
92.1363487959775
0.975176863272858
183.447114058319
998.76662145339
0.704116008700718
307.228872684444
634.46744993479
0.893712194198049
18.1911559825292
378.004886554395
1.23189179615128
286.740673089335
437.417236042566
1.15597560611124
757.972953722084
478.450315147576
1.12332695572051
39.3272353797353
165.600091061633
0.5466749422143
218.570444843999
517.640699437501
0.711913748097835
368.990724242334
431.562198620826
1.38989898591582
861.573801865779
781.541961975501
1.49139210328179
105.278931214659
310.041016678392
1.01512371297928
518.249524359198
900.809950746835
1.20925700604105
670.878579550023
349.641596154444
0.959591483378664
57.9432958194724
444.019450159234
1.19786176205685
927.362507997206
513.915189809748
0.521299913224356
353.694831462827
154.185069861037
1.20815898487169
714.650115449909
362.490589438386
0.517515800707211
376.839304086109
975.819951547378
1.25444297842222
801.057068761625
572.190734861782
0.592531737417553
910.714014613376
162.539653068109
0.555346723466353
399.619104027737
843.306405400895
1.39205954197542
969.319763543804
334.863465006748
1.21218129629021
23.7495247666455
919.238799050184
0.604537998960086
957.258370871263
684.581553394662
1.07663976904447
978.754265128437
648.35451489853
0.854358990599227
432.990596237598
842.463296035782
0.856225671784168
675.521974963888
402.473632992752
0.553647644413035
375.51167783367
571.256424510552
1.03691024672883
531.041959086613
810.849007104855
1.12990836614443
754.731548737591
414.117759827959
1.28564918781334
21.1923698745436
109.46980174642
1.33428605431777
3.45195664533859
332.636774356369
0.586644899554347
546.117327147518
635.044419051743
0.8428617427719
33.8873954071966
434.538197110638
1.25433753293751
347.305887275455
31.7974326378654
1.30572303358328
882.145543257795
252.306400425862
0.723770003592182
709.131793512544
418.19753636775
