20
20
100
10000
0.314226740485154
12.5758161157748
5.2525657299591
0.597363237841107
9.57676436070882
6.11473749513524
0.404889693477998
16.8008250055876
3.80141287325959
0.417591890609604
4.45851056301217
12.0003409375326
0.908614394845897
15.7005125755696
8.23599270859814
0.988673604685942
17.965269059211
2.12104552600872
0.0995187927328537
6.99424583404709
5.15778212631058
0.0159393431962708
3.3936995539315
2.45313276609173
0.0328139659303331
10.5361908829382
18.8447874610741
0.124409445909452
10.4559021920199
19.6392547324725
0.735464950501416
13.8334818488792
0.23593539378405
0.535337685567671
0.437810408902377
7.62854864191479
0.302684828705707
12.1157422745806
17.373059577631
0.278019885492487
5.88380181551938
12.9192295184817
0.664384793604664
1.0418049643426
15.9010214690135
0.61416438530217
9.92383103181504
8.07423837681108
0.684673559263565
7.49203458954454
6.99971104908246
0.810451019924893
16.3185671725965
12.6648161652453
0.646619029281655
0.391003061082569
10.8954836770412
0.223187061054699
9.26810182673968
2.31140963560557
0.47199866502127
18.304714954169
5.00454212340292
0.826766904773874
17.5780475187053
3.06694839221421
0.056343268629124
0.43808818891836
7.49769474042844
0.908613629058955
19.9366521549028
18.5553123548281
0.76801712883712
2.68821954351419
15.8282743204784
0.472223002656553
3.76427449510558
10.9349962612088
0.741980917493297
2.4372783124953
8.08998868200658
0.53596092789777
19.5490144366803
2.6789063758402
0.0361609205123884
8.66062656337745
10.3968077141125
0.46243316561217
9.32530772108981
9.25282806504657
0.843606359300316
0.77907729690829
11.6305018383984
0.394156044243171
1.46496464264252
1.68406629285034
0.304348680572305
13.8183366732104
12.6200254031481
0.008972150467496
1.78257393797569
4.08695130633353
0.0572627684131224
7.91152183750974
4.78722746113085
0.790848181991763
19.954664625134
4.80875816541535
0.420408546677008
2.90333675417953
2.59470936105048
0.948318443959953
16.3818078666177
12.2026879530996
0.567962977497032
17.2169644925378
3.70669880968668
0.334021146713491
10.1419652480956
12.1472812465977
0.700979247196785
15.6664852611547
6.85077098765596
0.20356982399537
8.61948536328023
17.4681127087789
0.205797724448353
11.3338996642871
0.577367441447649
0.620092583001901
5.48263227383982
7.31708952130735
0.482826056985116
17.0850710609599
6.81377092178822
0.885997888271213
15.5116345744728
5.51960620765519
0.113774664712121
5.99194817960414
19.8620106846184
0.125440409518504
4.50985592642261
13.8775205243868
0.462744344225482
12.5992641233717
6.42450737680475
0.441985928972715
17.5040295519362
11.1588565179587
0.0409026421913347
6.52256067029619
11.1083211722827
0.761064961103826
1.43151051717127
10.6265113570019
0.884301743126969
7.69808751288119
0.0351765860359721
0.751925999122144
17.7173630752979
17.4534138913644
0.39329529092843
6.23042708541937
19.8183258970993
0.450695746011562
11.9675557077136
14.5198765577521
0.602843182011534
13.2365714694389
3.23199366792054
0.0799759613032035
13.3140238960799
4.4694302446081
0.255848297887301
16.1892583775862
8.43814548450275
0.546541279911747
8.43095608948941
6.11700352784383
0.725555135064283
14.3087987930205
4.45861961637357
0.263079908973856
0.318872039075391
15.5594180724241
0.478061287366889
17.4808508429466
9.3188864725005
0.715001349989541
8.46576567407662
7.51039534997605
0.684550371859319
12.7409717019037
16.0468717331667
0.545117449577143
8.3218392105163
19.8037226959807
0.0307854202085958
11.4062497598376
16.0453902423599
0.179684269456191
11.4151975734924
3.90188895235937
0.173539993377728
15.5081844696301
4.45423864183396
0.368210963637265
12.8905463369909
11.5257574789429
0.977682116917188
11.9581777900456
14.9259242848211
0.997463311950296
15.0254970659176
18.0876480360181
0.95936834901493
5.5002036113677
3.62870610315061
0.552535330444079
18.6086008910623
13.740237029465
0.968954429538035
3.78014124068142
9.22287294010222
0.303577855072184
8.35461195996808
0.595014092324893
0.496827469681051
8.11569384871681
0.184819387246302
0.827193924390718
0.0648251914524822
2.62752189996597
0.408452331321518
18.8156014116379
9.24691505033582
0.0847974606025033
4.47205609367488
1.84201792211869
0.815981080860674
17.1768807371255
7.548980401298
0.89033681010355
3.33640538473644
18.4991685798402
0.410180240034304
18.7855333048438
8.22193932637951
0.522069817759563
18.2852016747786
19.2882516959123
0.720983047867711
2.13317385856427
13.4139310711213
0.433670240603993
12.4178075267108
1.47097947153878
0.660775710617246
7.77546594892182
5.81071936795742
0.976290214118195
7.66685326976999
11.8643852649859
0.25920299254405
2.20845975231484
19.9553923602695
0.234609180708439
16.0929510796902
8.70360166975182
0.653221258420634
16.3993858696082
15.1640724150594
0.519855468759554
8.16325247489885
18.5198662933378
0.0524379959102295
18.0124758691369
19.2937308561259
0.283260554258083
16.287151058432
7.71005402009507
0.443523734069281
18.3911353331384
8.60823014245385
0.00774656414990293
11.8573945345267
12.0671800687819
0.949663615435056
7.14370086529041
18.4148775891611
0.146840454009746
2.82549097999832
4.05502737965695
0.212989610136573
4.37780207823059
3.07437216328557
0.0875132803254721
12.8472849889935
12.8989079800605