50
50
100
10000
1.94227710288222
5.01634902823011
41.1369942771637
1.02012994405994
36.6698407339236
37.7978223187915
1.46171887902263
47.4665230567002
16.2874336477491
1.99430248198442
6.59452597855559
8.01374229931985
1.66487107683622
39.354660059555
31.6235826597164
1.24914445715721
18.1588678240623
25.5369498870897
1.69323875155329
20.5326842729657
21.2962096416118
1.02578530603346
25.8134556744104
7.60586049925657
1.91013775481097
14.4269439846268
5.05073160187589
1.28487494283787
18.0150830440394
3.78983221612023
1.96902579129482
33.3418591690933
48.9016999431514
1.31939507133009
32.3964624130664
44.974715901846
1.00724207928532
5.54810732427937
33.65923624288
1.91340609212545
36.6542764468068
30.5584121431546
1.54675138104685
23.0578165659816
3.05496342928202
1.72659079839966
49.0935978375491
15.1130545539776
1.87206068654035
15.0004811084503
37.9825820285528
1.00218055797216
30.9439835315848
25.6439289884133
1.63773689030805
4.62871465467515
48.2561551736409
1.57442484886254
10.159845333992
14.2913475058649
1.76412453038749
24.2929963454259
31.2384355143427
1.95903040911668
9.3630739626728
32.7235741388723
1.61663145852103
35.64075114659
48.4388803751001
1.45469426597264
44.6401751621773
37.4731243448405
1.71897804128315
1.48862833672426
13.1220721125612
1.48081833380314
8.08080241365818
40.8574360902259
1.7069055349702
22.1141280986908
40.2485210725071
1.86160875864121
33.5354160848237
40.049870743714
1.78393619539031
38.4066993200098
35.8167688402039
1.39585836364122
25.6579304325871
20.2651720374344
1.72171875609608
26.8918819700533
7.20086292122751
1.10205695351853
39.1270769800874
42.8796121501256
1.7776839341613
27.6507281229479
9.24668397351867
1.19972853491405
43.7989325518675
38.2251292307468
1.51172130330723
45.9410141600554
3.19057061904259
1.31240477680681
28.9697003132659
9.50078666260084
1.47249489675851
9.17294379459512
21.3076412952709
1.59297074964889
9.84056711080908
32.5912172366192
1.60903661736309
41.295270784226
9.12733892885779
1.61056600476295
10.4519042985611
17.3519700574284
1.08483892226213
24.9800113430907
1.58680214032373
1.73088842754327
46.7325403513567
35.5097498262025
1.92771010195926
21.6976032657803
19.3099745864386
1.55914680121866
44.6641823064154
47.9934301562752
1.49844201143872
47.549048757319
32.4659432262304
1.52598219382246
6.40676444269561
32.3524951288707
1.69692378643303
45.6189905060511
30.8063558840086
1.3978572271417
42.7920537584248
36.0907004786012
1.33119648020574
44.1349961497537
10.8180027916
1.67769427064481
16.8828944008466
36.1835551085288
1.57342892288637
37.9020476325115
29.09377871677
1.17553694563923
46.8865777290671
34.0167542000819
1.15188832844409
5.56549995004358
23.9179958438034
1.40405505893703
14.3805316876894
27.1410787671638
1.53721658200264
37.4908108871
31.0764691926884
1.8568241676994
37.5762242092683
28.1501487573281
1.49216530492241
13.4945472439736
42.6434637047916
1.6603547393294
9.64073807443935
11.5008691563447
1.43343434420222
11.6084517165082
18.9971160815572
1.40839647974302
38.4047212455501
21.6624370982067
1.14801937258151
37.624822312921
24.2455322978942
1.6282224684805
21.5981059928073
15.4655748425679
1.42801249649016
20.1982321931715
32.9464735119748
1.11485946970096
9.35171032120309
15.6156388873021
1.30883566451214
8.01133645052757
46.3857542105203
1.13073774744754
33.3066026775823
44.7350493098666
1.97882522556464
9.73918688846238
7.75728903645449
1.7767274854608
37.3139451434609
33.1926930947989
1.18179084717775
12.0789730891074
27.0397777526125
1.31678646896845
16.7160990276472
31.7593136952841
1.62041831914854
22.1381488493503
36.1975522488134
1.4760711776616
13.8531738094388
40.3641246878681
1.17716273814645
28.1378087969626
4.70521971053533
1.94949079104359
45.7317241239581
39.0773256518902
1.14766572806302
49.3745077826805
26.6947355976763
1.30926442610177
4.0526500148595
49.5047309990329
1.08406313987637
8.92865464977167
14.2192305394216
1.9641719100337
38.3948989768748
35.2430596442965
1.82585463702262
1.55262813763149
25.2900224116086
1.42301632155879
2.91512956624291
3.85114447847636
1.10690160116144
10.3323838040215
40.4001260180087
1.90554824463436
37.8568135913195
28.9463883627857
1.55576995241642
34.4890161394355
36.6838204661875
1.20604709857149
1.13061580648799
22.3521335032241
1.34463908672401
10.5780080147351
0.446418523503023
1.91624001459595
24.3452306145656
17.8264239087192
1.24142314729926
42.1735296782201
34.7369609498181
1.25069665124378
14.6632382537689
5.98736293315449
1.88304065918844
41.2387116014682
39.2528573438178
1.73038070585937
21.8580916199459
49.0441483057335
1.61426398619006
3.19420368382115
21.5657569924012
1.37047319374411
20.0739202229846
11.4061728413571
1.64724772133435
9.91761370419337
43.7170772217975
1.96616291366084
27.3382374080537
30.9295379274815
1.79044467587218
4.14522104208207
19.8830184107959
1.89912997170453
9.38307117548042
4.06529314251586
1.26098233778242
38.809114130108
3.74325797352735
1.17634558824826
27.5615899414204
42.0913240380662
1.20093131425251
18.8012386311127
35.9650410189212
1.20924263248342
1.36778986756427
43.6567524191395
