50
50
100
10000
5.27608232108643
41.10763697256
21.92110320325
5.4910321788546
7.41419286337952
35.9389972295699
5.29290309940475
11.270820720449
26.2341177221256
5.52828241529871
48.335398535495
27.3555559844136
5.38692522402905
7.20763682643702
29.1588471862857
5.41622815354891
5.6060024290221
31.7979628693727
5.79500869910233
23.0511127485555
26.5392968018885
5.63027088951794
6.10501291171178
41.3804211951207
5.84202781700735
4.31488036614334
27.7167766327622
5.33837790403969
20.0902047093529
44.6616879100492
5.80492264897032
23.6175631237218
45.066186498081
5.04297653508075
11.3905724315239
48.4195078598806
5.62186378079619
41.0725841339786
36.2915309690293
5.80777420497794
49.4297820421682
4.30660716492854
5.69585715066677
48.2216623378087
43.1227260167968
5.42139188077594
41.9257303505754
8.40230807963033
5.50001332895935
8.05156547774162
21.4806359296531
5.65972734048784
24.454746655788
44.2171376367589
5.1441165200025
27.562464111901
39.6489179358701
5.40520245736143
29.6383916223141
27.9176582421683
5.53519099526137
9.07831179672873
18.2160592969304
5.59847104741721
22.200202836771
26.9524975076539
5.99610220133706
11.991304069635
29.4047978611526
5.83304547773274
8.88960528635727
15.6743377215132
5.60153217089517
37.8072480706306
41.7301310540348
5.66988114251479
6.81195849310994
32.3378389752058
5.15699518790127
35.9875521037371
10.3322685067286
5.90609276797512
33.5049493601366
11.1299177453527
5.01757189908084
11.7475333537516
38.8811090174541
5.64637131825387
35.5979018670497
6.75098604223049
5.84705915921273
13.1413629613477
5.62562050816609
5.02597380053657
24.8365977725834
31.7543810497125
5.33362846930584
36.653346048847
33.7723080773844
5.91592687038946
38.2464849527124
2.0385009531336
5.84672515988944
48.7182967706051
28.586955365072
5.97448338528989
38.614522375236
47.198423743558
5.85893311969248
24.9129647853781
3.7897878613996
5.5250103291232
25.9094029854158
12.3758534386281
5.38188363413519
44.0082245740478
29.6419580551359
5.81239883529124
29.1862135199181
36.3676859989556
5.64204725383806
1.78868631729197
24.1509080567484
5.19825204829784
15.9139880490769
20.5239947362219
5.88468632114834
6.15093802782711
28.7574236055114
5.69325688279425
39.1679176113949
49.5734322937359
5.39613726401141
27.1113746038673
3.75953185802545
5.64295595960934
35.4286717984482
43.3745095106159
5.68034225925146
8.51604296237212
22.7463839637917
5.67272540746454
47.8079082138885
4.63122965920497
5.2543192858975
4.22101014097669
48.6796404649795
5.80879232136187
16.8075877747398
39.9145797082264
5.40695148876779
0.793444732712001
26.424074457829
5.02994675336183
20.2872800267854
25.0696532009669
5.03861593490816
16.8257479749367
26.7657205231341
5.1138654869747
29.2469884029946
30.5095177541375
5.86779308024659
18.6242590054971
5.31685850939355
5.21607853768518
8.62637898291295
32.4875003978404
5.23686865616913
7.37234863288538
16.5916669369035
5.3330758405485
48.3085065627343
13.8557943934162
5.8826444275455
41.0082648670759
43.4855393380849
5.19965406447579
38.5621730611023
33.0912529098219
5.33880633597882
15.2649896130428
35.7151943408528
5.57550776631392
48.4036050886488
17.977195436983
5.90202813852594
28.0190087179786
33.2499183323401
5.28354243526586
22.5364188921635
12.6119842659561
5.6238354841292
44.7109179052901
21.7597992008679
5.99738356924616
35.1691096196252
16.5176605256941
5.71092114519783
2.07851263351765
19.9717131056733
5.55368701709539
46.6129667059008
46.645332984131
5.63478014908734
8.60703990981538
43.97731867983
5.55717829123743
45.50233839185
44.5647350573821
5.16810547463245
29.4304970361148
17.5994196211068
5.93897012247528
34.06850022995
21.0677705939297
5.52063042973606
22.3864623893213
22.8228111198314
5.03114493938444
11.0388837285394
49.3571922474677
5.40670820997898
15.9809442228082
28.689464762543
5.30477555426147
10.1976075161575
7.07737832690703
5.07988053457813
11.9507415423845
13.2379801284661
5.2350084843062
38.1976591916839
47.1642044684932
5.0215820865599
32.4518067145793
46.3861638846176
5.30301467737298
16.0517954356799
3.9518067024062
5.27475941969477
39.1308218312241
15.3237240524779
5.67288970268994
12.4582382976255
46.9036555899688
5.11993134319291
15.6930832128279
31.0847347521468
5.95318389318499
38.0183369481144
37.6214984387054
5.45510668654956
39.6442432734892
16.63910105474
5.37645295148522
16.831497692071
14.3200354313766
5.95530111622159
47.2905408135226
43.4154293861329
5.30005696173194
20.6204582776554
0.843598893412456
5.22118214479103
37.8723927019613
2.93677827428676
5.90649963150604
31.6175598710562
44.8066820074772
5.29854100705629
14.3343230740723
8.51321661321541
5.86172178378581
23.1080442404153
17.4317905672908
5.638249889639
13.8279644159934
2.14481797842648
5.6780560684653
1.33968464174051
10.6118813963437
5.35675052490288
35.773229982507
3.38708238467827
5.49154870725327
8.10816612964525
0.869827412347418
5.69639506302696
44.8220572880015
22.4976776467661
5.71093556854105
41.5200650212185
22.6609959095521
5.11010129899027
6.14486580806081
46.0163059499553
5.84863520011252
40.7388721340598
46.9051129203891
