1000
1000
500
8
65.1181344771144
901.120786003416
825.503111262453
61.9883681699999
179.750242314289
617.387957143985
30.3563885839442
996.374404613532
443.40212171822
97.2797062358704
348.786461346841
168.131822646351
62.7153862876329
751.014404094597
486.343014421874
64.3209933957034
641.134643877949
88.3389141534069
71.951730576025
748.751383705612
908.791272440984
50.3454305135279
746.084562850073
798.245533602928
85.0331381069887
27.9223150083171
292.543568065138
57.6767202174801
6.77665036912878
452.423443801638
7.64180256780974
323.220587964446
213.642282462924
69.3919146624804
523.308895614503
483.589617160349
96.1958537333905
409.144510357991
346.203646150465
27.3898224303561
837.819538180634
719.931688993935
90.6592780241197
133.747631023953
869.126077922436
63.3638637184193
930.685640775077
570.206297670755
8.34761389978648
0.53961887342413
326.844598243727
42.2438641679398
86.9746339548344
698.749833950519
36.6127204076857
2.10476090899636
114.264173241611
64.5264323591086
138.5517424015
264.516517483756
98.9836654369945
632.007315520456
836.427299287476
14.3547666869615
539.774571597205
861.694194869798
25.380391390662
901.488293004947
548.033185902256
72.0661457537209
935.348285516894
110.098296185976
37.3166788815463
968.918830178743
894.062273122135
80.0390206398187
520.236717931031
283.132713148019
82.8364233242403
49.0871972703794
203.232011425494
85.166370069167
45.3520023185832
354.207353766474
88.0151134799866
724.950403326779
240.835778227497
65.2946260896447
383.210953093591
844.804538596765
74.1792962022926
320.277685810669
467.149489367593
72.4094073755299
980.800282076828
575.540347994948
63.3783924169726
625.594037031595
219.511649526362
46.2295463409572
267.150733518774
333.405727478183
89.3634395806452
99.1722730459315
912.750399710575
75.871825276742
853.761780614943
546.758543854
74.5986639681978
956.749570441064
359.377888581235
90.570247976107
291.432745082145
869.590500945776
64.0037488664409
75.0286973174212
884.619256889753
75.2355778219305
855.085881197069
269.75723811815
43.8434183624471
847.041115420657
295.982671600177
40.7678804616557
12.5053409422676
690.755961497011
5.2140863322682
298.480213134523
276.351035645275
80.4954501038373
582.964830791308
898.177547221763
19.2998576099413
889.782735441623
623.78978274526
40.4007285437384
887.110609896426
174.388429563728
48.7116117614964
537.382552237969
631.425542007238
20.448309633086
906.829479852081
827.66621897877
88.3017262952987
337.237029241328
60.5694599906772
87.5669426002694
607.971438713445
761.574916184823
71.3800465104874
167.357910742747
177.710215714792
36.8503234412178
518.466586748325
851.463277588619
22.9561599739187
209.629009548104
300.713580083737
49.8506571224354
535.113803050214
608.220318861118
68.1597838332677
943.108343218446
458.28579448485
49.7804702787614
605.600863452334
771.555671685989
81.1267399299881
903.103896215615
69.6237922540555
64.2004906044275
123.321192357796
395.641844612179
92.7461133620071
828.923948382266
968.248396002696
89.8201012583598
699.778469796407
369.588456686176
19.2492694294089
407.552970234956
841.382080936895
81.2101067419531
261.374818255261
488.608977410221
18.5059185487004
273.950780300314
640.726073326915
16.6237555219638
433.069307991212
992.981249222873
98.9654100291768
667.453567169468
218.054584837463
8.82210341729017
926.235596262866
784.070973144319
85.344454026927
431.034527225539
802.952177097378
57.9346123778335
397.741394125189
790.437718940757
38.2858530852161
721.755578621051
186.839342385134
78.1462982097692
665.602403529272
736.567900934773
59.9051602903923
610.446361643908
623.076757427114
10.7872585390094
767.441991779035
645.866504436429
46.1117299825251
231.02874311034
910.995370450347
81.8258883426524
408.250302247799
167.090436389405
33.0497952747258
53.7412414542876
681.199268945064
85.5023532555755
211.206122846208
486.144124545008
36.4434079216024
516.567495592572
62.249974988967
74.8894493458918
387.93445580449
53.6918039123208
20.120989279177
920.644081973013
646.444629527328
16.5817858320269
656.610925974119
508.487430089958
69.0214956516792
747.180774347746
435.599143789046
72.6668051688191
948.730759016331
453.463609641295
25.3903182927699
202.375616954695
742.261796331652
79.8640493310049
742.497528143008
224.569557355457
3.80144460869402
385.417317183499
496.694713787847
68.9564182140951
865.8359732586
52.0453999220266
63.2867859728036
501.013990160824
698.913878129463
61.9699995829617
14.6536044085019
936.727677038828
89.4851775521909
207.423423436217
172.046159812934
25.7701701717449
971.744177495533
205.471844092527
18.2018146536567
643.135471061939
271.172516509465
43.950097531661
731.501875828769
267.450812201552
40.4665328826094
675.893579976853
942.257099756969
18.7842886433652
605.659708307479
685.372331739354
25.1651183543734
980.795810428383
283.910771408638
23.3588317027574
891.491994486649
929.776800439282
76.1390076007515
409.89250555053
754.557430084097
35.1683623572549
125.723424672815
509.56971923713
75.3236087962299
636.133886025193
841.383504851683
88.4564369658736
170.556429198176
498.306081437582
68.6917698148811
601.215224539322
859.032484072188
42.6750921959485
675.803307201153
624.793115820661
45.8502929507437
598.947608988274
895.473344658348
48.9759965001272
614.275211100507
504.618003916814
41.0449575219832
88.486250750762
782.665779442012
63.0336742430042
320.119336548333
516.921008773296
75.3984164502656
534.639423186282
534.785452970009
10.6853801170059
742.001556415728
693.426707794442
40.790638571369
904.026691880683
9.06381962134928
20.4731348398668
767.877238391292
11.1432312722802
67.4355424066019
129.326438801594
640.63547493649
40.1767303947744
79.2748345494543
507.930273290336
10.9231636115254
827.94281045955
535.360212903764
94.1212894137904
677.366500232613
596.746844784287
54.594503243893
561.318345131392
766.916416537303
17.8329393979805
689.648011138575
351.474672883971
97.2445853973117
506.634763717088
825.083015543187
75.6102307513747
323.489482131575
749.979909206409
65.8716431001488
149.394248838207
138.92606277416
66.7310225185276
167.34615698505
427.450917117814
1.47163460203906
966.028675032627
483.14040666493
32.7816332965506
200.649003087956
231.059806098345
1.56226933589106
220.667358964394
303.795638943899
9.06670214847923
930.247940203549
679.557031431296
46.9849670630786
833.657341923093
308.187556887943
1.2563823732753
284.323700302314
685.810664126119
72.1571125608709
925.625377724619
756.21915116029
23.29723966807
806.701058171051
388.479516652956
24.8169164337754
837.588465635294
500.526596793829
92.7119784026693
65.8570284196908
114.941697250575
68.9564464034325
134.340030589303
801.30107617142
92.3907505532522
50.3792878672357
958.076947096139
68.1652913710187
899.432946238318
174.264428174622
41.527310359555
738.387237966527
42.7827271097337
72.3853259339472
573.230883919836
79.8328625957263
36.6122924255979
547.188971390725
260.865199360365
36.350760252109
347.089620142849
996.814175787619
27.5181896743668
328.237302121381
782.718237846991
1.04304826482644
850.266669863925
149.868400843175
12.5102905204693
626.15983966898
576.198779420866
75.2754009804516
92.5155376802052
655.489993336489
14.3796761200151
713.880109172779
376.385636907403
24.5716632042473
315.073525330698
630.613019455247
65.4907458502329
585.71812374282
275.25054833664
1.40449354749762
940.99739177265
41.0934046474251
41.0632015068987
18.8213991985295
724.223620147184
86.2885918134943
300.325656863136
827.76332938674
97.6334288747693
191.113871324929
164.728080653833
40.8265965274356
761.215671522996
367.839800380452
93.7401686888418
399.961708559107
304.294098295684
34.973876633396
563.848275376319
904.612337732898
31.7605839808218
340.925863303658
486.781784150698
20.8755461717778
831.322751045265
947.882973218663
50.285544393192
319.697264592751
167.44395814407
98.4929864221462
833.92935437351
62.8350220440543
76.0122109374088
921.390977022275
909.228689286779
74.2891038411125
6.0111568041612
722.090086864696
49.6894852192996
846.915624319305
534.184931533296
33.7121128271118
129.608922246935
791.022702855956
65.8493290371491
765.743303939418
892.181126448534
48.393599647473
642.548579936352
839.779610994406
84.8143165771738
223.311798113043
36.4218151900534
49.7900882780228
391.172957711836
267.537847413142
5.35860580393261
278.757978371737
536.958017583303
95.6323059186148
11.6188125207002
688.183988383894
55.713577726627
306.883805649809
253.139013006084
72.8932514059313
319.318184180313
906.123233655056
89.4258740082711
256.520165252695
270.562249495328
59.9137724024824
607.915833463489
872.556804969234
14.2870565899887
638.280934458888
767.814773717918
25.9040072419262
473.630153514224
98.6825575909303
94.209591284346
626.31326367173
768.621492512361
3.94430299946258
343.917396884958
485.424514725579
37.9199140810906
7.14458531223505
798.309774656466
74.0704425829418
362.354428852688
978.296538848402
13.6796517949415
526.507626495818
512.001968683156
23.4851174761629
697.878730987327
43.3994434370669
37.3006442015769
4.22565357220184
910.721093155943
22.0366125710469
918.336024901642
875.246806857313
95.7726487550345
562.173979701344
416.241097404804
4.83643115134102
576.051711545662
353.707588015059
4.17818687265524
657.131896733147
469.733016963116
55.0573886261175
984.174080188888
784.506318379078
80.4625905434593
454.490795023505
48.1701820470617
6.30616887349239
820.503954316548
186.712379428199
88.9762118235725
562.15602143137
42.6780979821426
100.400337629056
19.2546269020937
511.573260410591
34.9147680876451
586.353333320142
376.315649813125
42.1073788338401
861.509787331716
681.670113013471
18.1097296789672
869.516124983386
608.528109768948
16.039190108907
439.7752318411
556.086280868064
20.6753048653247
725.811574209135
205.078308643538
97.1022521828858
717.330464663555
353.282005202109
22.514627578217
977.210295529959
139.733653589959
47.0533221837204
940.510468473957
44.9386002326864
45.0287326511085
227.945544818132
119.723368892295
6.66943824785197
578.711633019779
226.746135362653
27.2067863956133
738.948413140899
991.221560640047
26.4330646259562
787.530599324146
823.147522548939
70.126927658824
92.7122712408387
812.775722176985
